993474
995360
989929
983262
987536
991506
979915
995673
994284
986864
999480
993500
992048
991354
993639
990875
986235
996407
986609
984176
987051
989103
985379
992107
991634
993970
996523
989170
991343
995533
980424
990144
996970
986169
987470
995208
987003
994154
988948
989089
992196
987992
991731
983973
985497
992677
988231
986813
993391
992327
988789
990515
982422
989297
987298
986727
990448
992459
988591
994401
985955
992575
993513
990512
989743
998742
996354
992745
988086
993509
985624
981711
990165
991565
982103
990374
993316
989784
990114
988292
992645
987669
991642
993252
996238
991753
983276
985022
985066
996959
990441
984381
989801
993284
993091
991279
984804
987750
994971
987740
1000269
992470
992899
984719
985252
989003
987308
982480
983893
994445
989991
986568
995705
988947
986889
993267
993234
989843
990794
996569
990672
991012
991685
988243
987262
991619
994680
988190
987560
988689
989673
991749
988444
991649
994523
987200
989967
983909
992775
982892
986533
990922
988789
986246
985102
995344
991490
996362
991421
991483
987814
990066
989819
986516
987755
984306
994134
993037
996046
986380
989745
993113
992462
991449
993178
989830
989858
998501
988310
982492
999467
987216
995790
990065
991625
990001
992005
991291
993627
985647
989739
989389
987905
993421
989830
990277
993723
992453
993943
991451
985785
991195
988002
990096
982814
987899
994032
987596
988122
986588
991113
989365
994965
990647
992430
991471
989251
994182
991983
1000124
995676
988460
985935
989558
990659
991257
994588
989218
987485
986084
986823
991274
995043
988223
987496
990489
991023
991559
992913
992872
989482
987586
992878
999178
994263
996783
996574
991905
990686
997739
989112
980916
986605
987670
988374
988056
989920
991889
992174
985606
989016
1000334
992021
991228
991814
987519
987116
989011
984505
986446
987522
992612
991484
982040
987003
987675
982138
994032
987431
989013
995712
986327
993199
996845
992434
994180
990519
999016
987922
991021
992395
997410
991329
988481
993004
986690
997200
989456
987514
989967
987016
986491
985045
991797
985825
983916
993135
996145
987986
994424
988991
981563
990611
987226
996453
992075
997379
989030
993864
992818
992983
983296
993736
993097
988592
982183
990567
987805
987864
991852
987544
989938
986194
994273
988878
989361
989449
989471
987067
987481
988597
996913
996435
985608
984400
986165
987152
997182
981453
991864
987626
981346
986322
991992
995010
993556
991774
987759
988821
990467
991605
981139
983150
990059
995057
994774
987441
991112
987802
987656
991880
988745
990366
992009
991990
982912
991900
993391
990674
997989
982986
995285
994159
984071
984268
991967
989161
982762
996660
986018
988253
985643
991824
993769
995786
994604
992070
988241
987210
986881
996361
985398
988212
986891
982704
991551
987182
983671
998067
989431
990421
986284
989445
990733
994609
985965
992618
988310
989974
985293
991452
993492
989146
992910
985596
988379
992253
989961
994239
991858
994424
983506
991807
983001
985089
990333
981177
985221
992527
994387
990833
988409
987380
991006
983882
990546
988052
985812
991539
987808
1000347
992523
990922
984224
987899
985290
996429
993687
997539
991134
991951
993379
998517
989130
999108
996549
995970
990875
988679
992221
989468
985763
985576
989010
984872
989556
996048
988656
989392
986883
993256
987750
990969
993397
982924
990039
982732
986026
980629
988781
985195
995392
995321
997248
990056
988974
988911
994948
978773
991107
987528
990421
996291
995103
989485
986569
985602
991630
988834
986709
988041
986795
996946
990299
989729
988515
989891
988807
990398
987362
991915
991262
984141
995807
988261
981237
984399
995427
990752
988657
985812
986016
989916
991273
990569
986416
995876
985822
985178
987146
982422
990612
985568
987044
986864
979192
991401
984705
992721
986822
991295
990631
989274
988618
993096
999155
993970
987560
990552
988145
1001817
993216
994151
999512
984779
993702
985323
996048
989280
991245
988252
995837
994220
995789
991324
996551
994331
985822
995635
988611
994820
990148
987279
986766
985912
998569
991468
993664
985673
986657
985748
990688
989623
986091
989316
982683
992297
990766
994392
990645
992576
989095
988633
980205
989976
987567
986136
988641
982068
987732
993470
989612
988692
980731
987306
997230
988060
997626
987657
983296
988294
986889
994465
984457
991722
990018
987193
991497
991371
989531
987960
990053
996434
990185
981764
997029
990432
990117
986027
984861
983484
999594
988871
987766
991529
992841
989068
990562
983758
986972
990403
990145
995702
988393
983037
987125
994539
982816
993523
992061
983201
990309
988122
996402
983755
991636
988134
987429
990935
987008
986799
990591
988539
995070
986028
993147
983796
985041
990074
991873
980537
995189
985240
981913
988979
989383
992466
987088
989541
989703
993495
988227
990786
991337
987560
990865
984416
991854
981683
998623
988318
992313
990027
986119
994645
986562
994276
984242
992055
991134
988521
993545
993311
986961
990311
983766
988157
983811
994299
990878
989951
985568
979141
989006
999192
987778
993455
991696
987566
991760
993636
985889
986664
990584
995623
983119
990966
984656
986234
985310
985401
994047
995466
988624
984234
990157
985885
986991
994547
989801
990922
985077
987835
989945
988960
992190
989129
985640
993189
989610
989048
989403
993343
983741
994178
994452
989809
992155
994861
991586
991117
987151
987694
988720
987939
989562
990455
988652
985950
996754
991440
983761
987633
983069
991119
980270
991603
991572
988200
990104
987005
991021
990994
991808
990008
993175
988482
987645
985541
992899
992149
990193
990848
986445
995484
984577
995118
986930
985993
995560
997635
988711
990200
992615
985181
991392
986065
990982
987505
993164
985039
990571
999281
984332
986569
985891
994534
991465
989596
989116
993225
995030
983488
989599
988318
985688
986257
985140
984455
990252
986792
994086
993280
993594
991400
991488
988690
982872
992707
985015
993891
995294
993067
983450
992240
990777
988741
984717
986546
991047
994163
991567
998324
988344
991377
992415
986134
983547
990452
992039
995510
988155
997563
987064
992442
986906
992449
990809
986723
990836
987776
981736
987906
999706
988162
993158
989461
992260
983977
989022
994603
990867
995714
993775
986725
988560
991229
986317
984532
990005
988837
985170
992301
992538
989128
982687
998920
986951
982441
988762
986272
993558
988181
987849
987948
993921
991230
993538
993024
991413
993926
989330
985857
986189
988004
990158
990148
988870
993190
988153
985561
987763
988748
987506
984554
981454
996248
991216
998671
992310
987112
995716
990245
986476
993544
998732
983722
989054
989663
992696
986532
987896
995384
987260
988939
986379
989609
994870
981817
994248
989520
992167
997356
987847
981384
992490
988158
985804
986449
994922
996760
991227
991791
993894
984719
996244
996079
978417
997464
990772
984556
986795
991953
987393
989190
982401
989851
987938
989711
991073
991156
987732
993176
994780
995438
991560
987337
991063
983198
1002038
987341
995171
989437
993989
990545
991061
990298
987868
984632
989264
998819
989827
988471
985017
993424
989049
989091
996158
988493
993358
987603
988451
991127
983612
989278
984759
989875
983476
984051
985019
994498
991674
991192
995495
983745
984858
986586
981594
992407
987517
983767
995710
992580
991719
989695
993503
995829
983305
986087
990836
992619
995489
997255
993915
997870
984961
987158
991309
990516
986762
984593
993045
989066
991407
986874
989324
994763
989050
985101
988759
986326
985523
992493
999417
996330
986290
989654
988436
993666
986803
993217
989585
985580
989007
987731
990377
992435
987567
989947
987694
988862
991028
994065
994416
986294
1000837
991238
999088
982610
986174
990488
996631
991654
989315
985829
985139
995305
996980
987141
987577
988611
993464
990254
987687
985300
985204
986901
987717
992982
997822
985565
990749
986952
990242
985738
991839
986082
986608
992484
983483
986071
987787
991056
989078
987365
992354
986393
991713
985795
992231
989587
986203
992305
989307
994282
986134
980896
987541
991775
987586
983789
993036
992148
986147
989748
986746
991896
990789
990639
982507
991018
988592
990874
988264
991385
990027
992724
987266
987628
990156
996389
998687
990882
991151
988276
996608
986316
985121
986698
983397
986508
990821
989898
993730
986440
993140
985323
995449
986759
988765
986748
993776
988201
990263
991281
983880
995345
989111
988839
995022
985897
987440
987211
989879
986979
988001
983784
988586
989109
985646
992045
983452
986288
993497
986831
986664
988632
995507
999105
989123
987588
988965
987887
990105
987511
989318
989814
983007
988323
990586
990157
986633
997470
987660
990415
993776
989052
990667
988405
992012
980963
987716
986182
989600
983836
999244
984621
992051
984451
986517
994524
980474
991142
999898
992049
1000920
990853
991561
988673
998704
990149
990831
987523
993438
991286
991213
988701
987870
991298
986339
985351
989722
985345
992832
996780
997162
986305
989581
988329
988100
992283
987373
988806
995791
993724
989856
989568
989940
986738
992179
985734
996084
992652
992597
996178
985695
994968
989626
991372
985331
983701
992254
983702
989010
990852
989797
995217
996877
991262
990077
995438
992967
986186
990693
993214
986723
994797
988207
992502
989575
993815
990758
986144
986425
985110
990109
983424
986461
992800
993387
988093
992724
995418
991820
989180
989736
989082
984696
986097
989727
980544
979557
997500
986171
988198
989694
990738
991231
990020
983556
995493
989193
995880
986846
994467
991051
996247
986867
989408
990034
989353
987150
991821
982063
996380
990286
995018
1000677
993945
991760
988053
991809
982576
988508
988566
990911
990136
995160
990318
987571
991291
989530
985981
987611
988165
983980
992142
985042
987390
988444
987637
986232
993076
987004
988139
993369
998769
995379
989356
991695
979382
994564
992831
990457
980235
991686
988156
991488
990927
990873
987714
992951
990949
991102
987800
992236
988415
988307
993696
991315
989670
997231
989894
991039
993724
988067
989067
990054
993858
987506
996923
994434
982389
988390
991814
992429
991347
989545
988594
989596
990181
989017
997030
990634
992742
986317
992686
992309
987862
986277
987596
990727
975872
994124
988029
1000686
984947
990506
989112
990523
986958
987938
992176
986303
989616
986126
992455
1000961
988599
997675
986326
989840
986641
991125
988808
991497
991968
993811
984492
996269
989870
984715
993016
982357
984915
989017
990794
988263
991629
987392
991591
998447
984722
985593
995906
994926
996069
981155
989966
978202
990576
991775
994937
985847
986165
994086
990377
983259
984969
990152
992170
988501
991514
990938
992472
993406
987707
987623
988307
984715
991556
987679
986834
988757
990575
1000230
995747
984292
999311
985852
992434
994613
990971
987859
990084
993690
995242
999649
989458
989818
984310
988213
993971
989478
989415
991710
987093
989495
993799
992401
989928
985079
986375
985391
990043
996156
992314
990952
990816
985379
988907
984864
985870
998425
994959
994334
987857
990345
991595
991732
991553
989117
982779
989979
989660
988141
985270
992160
988734
986829
989069
992443
994368
989226
984679
988271
993976
984152
990791
994335
997549
989345
991839
993346
987348
994035
989237
991768
986093
987970
991004
985100
991457
986167
1000580
987224
990030
990125
991293
990781
987794
987756
994360
989285
997933
984681
987455
988752
989969
993869
984640
993468
995351
986671
987607
995203
985840
994443
983049
983892
998565
993069
987970
988710
984854
991025
985676
984200
988847
995003
990609
989922
988019
991221
994784
989323
987418
986940
986558
993484
989894
990510
993425
990981
977912
988947
992842
994029
997698
990505
991769
988419
983201
986856
993533
986652
993024
996472
991084
990908
985497
986107
994867
993424
991082
992671
992038
989312
986248
992543
992592
987656
988458
986947
986957
987690
991855
988235
990665
986485
988784
990751
984428
996485
989401
997649
989810
984092
989865
991079
990907
985131
984613
985421
992855
993310
989785
983038
987922
985196
991089
993198
989325
989856
992649
990446
990032
990477
991993
982562
990764
986884
989814
992783
990817
995431
989010
984613
995846
987229
990791
988735
992013
994857
990374
986576
997618
988627
995691
989954
992713
996838
991989
986230
987527
986440
992498
991332
990196
988963
989199
989665
991278
991144
987994
991890
991345
983790
997378
987647
988519
995175
992859
993450
993336
985949
988988
981527
990771
993731
983694
994887
991412
992445
991781
991144
989686
985666
990845
986818
989043
982468
983182
991111
986255
990849
988829
994602
991565
992121
988028
991792
989247
986936
992332
985145
992713
987195
990995
989114
987869
995659
986775
993905
989443
985206
989454
989674
992070
987372
982924
993363
993815
989444
989827
990044
990806
995492
986674
994667
984807
991512
988499
990246
993938
985813
986049
985769
986519
989976
985924
993976
987296
992323
995106
989056
987295
990396
988488
993798
997725
989768
987465
985044
992841
987965
993100
999099
984414
991316
996553
991477
989538
983943
989006
989839
992589
982858
986904
989899
996477
985612
991816
991612
987986
986439
984399
987592
990894
990307
989584
984455
985624
988729
996037
987951
998589
990658
984902
994751
990548
992413
999647
989507
992759
984215
990521
993949
993011
996388
986624
990391
985283
990156
989023
995166
990805
990242
989017
987153
984452
991707
995360
990794
987105
989950
990329
992182
986408
992806
986315
989282
990049
994913
986448
993039
988152
995605
990131
983508
987132
989525
989243
984783
981711
986740
986149
988544
985338
990830
991918
990889
988241
991201
987873
991440
988057
990654
992284
991930
987190
990554
985544
990089
993780
988455
989670
989419
985856
988827
980071
996000
994247
987538
999126
992605
985286
984847
1000305
991972
989877
988217
989283
987161
992017
987741
995005
992434
990806
988518
997753
984852
986073
993448
987118
997894
984251
993935
988200
987586
989540
987713
988421
995577
985867
989757
995445
988819
992086
988224
993157
989582
987507
983302
987602
984939
992829
990975
990134
991518
991999
990746
992442
995977
991569
992917
990098
996934
985735
990841
994052
991607
994503
990802
983975
995544
986225
993717
990567
990018
992713
996516
990769
997495
992097
990448
995012
987745
987454
992650
989046
989216
990234
991673
984117
987989
992806
996573
993912
992383
986561
992086
989356
993257
996277
989818
991334
981607
995585
992052
994617
993231
994520
990132
994605
982765
995709
987906
992556
997481
996508
982993
994604
995819
983700
986891
989085
991989
988664
979663
988279
995717
987078
992682
997168
989258
996517
991332
992277
988140
985408
995100
988514
991035
995832
988483
984450
989698
986891
990932
990219
994706
993263
990366
991971
983884
992755
985591
988312
982991
993285
987884
987311
989485
987569
989808
994351
984282
985755
995288
989913
987535
986359
992879
982784
1001031
987051
990191
985525
994559
986290
984344
989151
988407
982717
990702
988303
989659
986900
993785
988453
988027
988630
989957
987559
992994
992868
994488
987328
993947
987314
987029
986475
991269
992294
986945
993184
989045
992191
985470
996835
985846
989891
988448
994542
996672
989622
985896
995764
987445
991791
986173
982529
988433
988988
996651
992171
991580
990548
991564
990980
993851
989410
988376
989057
992031
987692
991334
982849
986818
994515
991713
988658
995103
987487
980936
991499
987174
989100
995941
997719
987067
983364
997019
987817
982141
997638
982076
992167
993135
996225
993813
980036
986098
989366
992876
987416
985602
989636
990630
992497
983810
993250
987707
994086
992610
991323
985430
988678
989859
990068
988760
992239
992347
987641
989071
993648
987449
986036
984439
989105
992719
991007
988723
988952
992322
984581
993306
989782
987076
994369
994200
989583
991490
992120
987655
992436
990869
989629
983900
990935
996803
985942
986232
995048
983153
986204
989780
985932
978036
991407
990292
990633
988147
990523
988182
989785
991151
984621
987378
994005
988828
988130
985883
987593
989101
995013
992107
978562
992075
989533
988959
1002154
994583
993471
981911
994580
985190
982768
994680
987166
982059
989428
993840
989422
994577
984821
992946
990514
987137
988720
989178
985132
999426
989077
991848
992174
985366
985125
989429
984858
995860
997027
988134
992919
987088
990856
991922
986776
986684
990040
981561
987589
986196
994782
988760
990939
990747
991794
985322
987362
989815
989175
991214
986781
989138
983863
986747
990386
985491
989535
985285
985808
989587
989539
985782
990252
981841
991911
987699
985094
986554
993252
985147
990739
996699
992685
991845
985564
984164
995296
990311
993297
988693
985488
988495
988553
988417
984872
999792
989496
991857
980462
992032
987990
990951
991577
992041
986867
991700
990240
985061
994431
993700
991756
980902
994508
983896
990429
990390
999012
993025
1000684
988645
990117
984549
983559
985374
988632
987830
989385
991459
988957
998139
992401
990295
994558
1000403
986717
992412
990588
989526
994519
993755
990374
988737
990280
988891
985900
989544
988279
992662
987954
993339
986484
981056
991271
987162
992533
988561
993886
986045
985782
989422
985157
991515
981885
993398
993808
996587
986740
992984
987194
988213
992180
984770
994482
996761
983474
982382
990752
992494
988709
989672
993274
993197
987187
983037
985241
1003964
991852
983629
988755
991022
989243
1000568
984378
999899
986838
988725
985501
993812
988311
991537
992738
991789
981064
989865
992926
989011
998569
996468
991407
982240
993521
984225
992414
989007
993205
983755
989049
993928
989704
989014
990407
991281
985903
983930
985843
978697
992933
985611
998028
992104
991527
991116
993271
994446
983754
993904
985560
986393
986846
993974
985567
994130
989377
984436
985000
985776
993156
989447
986571
993695
985928
992690
987361
988560
991484
990654
991239
998145
987468
989045
985546
987586
984204
987530
992100
996502
988313
990654
990558
986615
990712
988478
985908
984178
992573
979185
994798
991625
991265
987850
991512
988116
988356
988989
987017
987184
992292
993535
995770
985202
989908
981364
989123
993191
995153
992481
992505
990285
993143
988633
996814
994177
989712
987307
990445
994960
987383
988753
986599
992640
990264
985250
989836
992742
988540
997740
986666
988532
995902
993160
987692
991145
990598
988640
992271
988161
983435
994928
989855
983184
990141
988711
989762
990265
992317
987319
987689
993073
987718
989931
994582
989355
992176
990520
986175
981943
985562
987879
994647
993182
995857
993280
992446
985809
985954
992966
994859
990680
987333
985013
988818
988789
989029
989950
988281
989700
994771
994070
991077
993861
992535
990762
980942
986679
995280
989085
994422
991722
990170
990886
991803
989062
987646
991069
987735
993482
992011
988551
989697
987869
997370
994098
987946
992158
993496
991101
989315
990769
992461
991994
990935
994590
992955
987179
985285
983586
990000
992318
989089
985293
985129
992757
990634
988266
990458
992913
987235
986207
993045
986971
989382
992833
997201
990986
994943
992205
986586
994653
977957
995919
987865
989288
984198
984483
984510
992665
987471
989933
990052
993714
991949
988099
989449
989733
985341
996377
987674
989189
985843
990308
993036
989493
988562
990876
987823
989235
984598
986341
987584
987544
986804
983700
993948
994902
988834
986248
993208
985496
992820
992914
997998
985799
989353
989201
988868
988067
989194
992407
986612
992742
991830
990233
990695
988701
988499
988133
990746
992660
989691
984858
997093
989641
994952
991263
997112
992552
992456
995338
990967
986958
988756
989754
992287
980598
990889
996203
992279
990336
989749
989729
997450
985270
997647
982198
991456
997337
982208
980822
990390
995903
995377
988944
990616
987869
986522
988887
989839
986633
990843
990411
980828
995086
998430
989826
991119
987150
993251
994242
992408
988210
987047
980277
987305
985716
990218
987416
991533
978100
990027
987228
989715
986321
988560
995968
986388
986150
997710
990371
988607
984866
984361
987756
993582
992148
991964
983760
995358
991858
988179
997209
992977
994373
989536
993196
990606
986916
988378
985912
983766
993801
996763
997458
988525
984267
984916
996892
988720
992162
991734
983164
993108
987474
985986
988696
990608
988601
992808
986348
987229
991128
996193
988304
986958
994277
993534
986892
994334
984261
986086
995123
987535
986033
993475
992802
990318
994918
984026
986276
989841
987782
996610
985984
986300
989089
990267
992697
989099
982852
989790
991492
991499
992542
983331
989680
994263
995276
984841
987587
992862
993767
987750
994341
994002
987238
994685
995592
999094
990513
992455
993830
989993
988693
991346
983339
996044
994075
987865
986392
994895
991207
996482
989596
985569
991526
993853
991941
987348
994311
983039
984661
983789
989197
988385
993509
988415
989947
983716
985888
986375
992264
993107
990178
989243
988925
979512
988890
989860
990459
993503
992168
994849
988223
993983
986872
991835
997605
996024
987276
989224
992049
987975
985485
982870
987562
983796
985358
989619
998451
989245
988638
993504
986447
993788
989807
987194
991899
986672
982577
989163
989291
984396
988348
989398
984382
987175
988941
987247
997210
985122
987307
991477
991998
991042
984260
983584
991817
992835
986837
986777
988025
988380
990211
988409
994336
988860
986553
986202
987363
992363
991272
991491
985713
988614
987689
994399
985618
994330
986318
983532
989863
989029
992007
998226
988352
990163
991389
988383
990793
989525
982657
989107
983289
986564
982934
993087
995262
992229
987981
989334
987045
992426
990898
984774
986614
992905
989165
987269
994508
983375
991211
992277
993252
994896
997362
988248
989271
991201
994812
986967
993569
986027
988054
986680
987660
993029
993181
991856
991471
987634
988843
991028
988519
984758
987491
986257
996180
986862
988299
987401
989426
992479
992466
992844
994081
992482
996462
981839
991450
990717
990206
988713
994314
989038
982835
989909
995666
993461
990375
994843
989895
984456
992111
986593
989706
993355
991122
989186
986526
989967
987538
989325
989480
989133
989503
994100
983941
988633
982952
988713
989762
988892
987129
986186
986944
988324
988696
988320
987541
993359
985664
983879
983312
992695
997551
991116
984808
997295
994924
989699
983779
992700
993352
992140
989429
996800
992464
989772
993190
985889
990958
991941
994872
991271
991313
987447
995326
988866
986955
995256
989761
980486
992637
980079
993417
990401
983388
989493
990480
990094
988342
987708
989240
989964
991963
988512
989748
988767
990160
990883
986242
993464
985602
983550
993531
988499
996037
992799
993761
994437
990878
987321
988956
986614
993526
987165
991355
980809
990871
989718
992061
991040
993119
985160
991332
985564
996136
993815
988518
984735
992415
996947
990624
991292
992807
986771
985383
993926
989503
987034
987980
989944
992794
989820
997132
994441
993304
993941
987432
991887
993193
987833
989011
993035
987670
992223
987882
992359
995802
992102
994534
986284
986635
991512
987737
987127
988543
984847
984359
994284
989409
993514
988543
992119
991486
986549
988805
994377
993463
993884
984146
990712
988873
981059
981904
991623
992919
979228
991845
987134
990320
997603
989935
984186
981697
995594
997043
994159
990664
984777
988358
994004
991938
991480
980108
988241
995915
989858
994643
992314
991548
988942
986949
979876
991844
987842
986887
987424
983410
992540
993538
991111
993853
984223
987807
988498
985660
987565
997996
994840
991141
991455
990189
990690
987948
993703
990023
992414
994221
987499
988484
984873
992139
989049
992718
994304
985216
986203
980607
988613
996586
993102
995833
988029
985240
990303
985021
989024
993513
989860
990838
991042
990753
986400
992319
990925
985758
984052
996046
993927
997783
994236
990433
990260
989095
985406
997454
996221
994718
980930
988474
986795
998912
987691
991641
987257
995935
992790
984885
991759
992828
991435
992000
991638
993791
993363
987589
991247
989046
995004
984954
990118
979543
987063
983746
982166
982909
993707
987489
989165
983664
981061
990083
984010
993188
987792
995554
992773
1000090
987786
991339
992024
995199
986554
993938
984484
992546
989389
981498
987567
986429
989819
989495
989568
987355
996525
989352
996026
988587
986521
996283
985538
990624
986869
993250
990642
985278
993451
993020
983678
987705
981861
989517
987022
980709
985148
986132
985823
988687
992368
979997
992117
983925
985328
990056
983734
986662
987986
989158
988950
990589
988751
986933
990377
997203
985147
993917
988793
986039
987137
992424
997415
989291
992753
993936
991199
993785
980635
993731
991366
978924
986700
993989
996706
984812
996294
992744
994045
992728
996915
988667
996686
990294
985149
996779
992760
994563
994135
986803
986193
994014
991304
988024
989024
985249
995778
994095
999712
995069
987824
994726
991880
989924
992152
989920
984502
987540
989458
995786
992379
997994
989095
986422
987198
984321
986464
995129
982550
989131
987026
999190
989193
987949
987894
992288
986616
993579
984666
989083
989395
987548
986755
987060
987033
993341
990001
986344
988161
982983
993750
986017
981751
993966
986401
986296
991796
987197
989065
991587
994694
989104
990970
982892
992227
994800
991394
988725
986989
986561
993988
987316
987209
988120
988822
993693
1000882
991002
984724
994141
986629
990362
995066
994828
986144
991797
986324
986443
991324
997814
985409
984694
983529
991880
990371
990435
997494
1002646
991058
983974
989128
985397
991085
986486
990207
991329
992113
988742
986452
991841
993317
986327
990014
991351
995501
993187
993069
988010
989879
989149
987694
990733
979999
983265
988869
983077
990264
988138
998436
992902
986737
985336
983416
996610
992886
981515
994217
989434
983608
986746
986939
977721
994674
989369
993649
984782
992569
991547
991183
986592
990564
990300
987221
989805
990348
995199
988981
996510
998189
992560
996170
992313
987981
990536
992581
986380
991088
987070
988278
990467
996638
983982
985720
986029
990318
994191
985202
985544
983165
997427
988676
991107
990819
986504
988514
989783
987701
982177
986110
987244
982899
991450
983208
987553
990761
989120
995079
986823
990551
993171
991696
990726
987961
984474
982937
993366
991158
994099
982010
988356
993243
986024
987599
985695
988331
984627
990346
981445
988003
990471
989467
994435
989993
986305
996458
988922
994172
987838
995239
986730
988939
993246
993492
994373
994681
983996
985814
992463
995692
980413
986597
989806
990243
990136
994237
984572
981021
989995
989386
992536
993714
995652
995571
993181
988671
981159
988693
986240
989651
994796
985700
991000
989062
986940
987133
983943
990037
985060
991168
992630
989924
996120
994988
995894
990284
990615
991853
987700
994470
989272
987457
989005
990176
983285
987301
992233
994556
994353
987228
987776
987428
991732
986477
984466
994769
997077
987210
993315
989598
994119
992831
986136
990820
993862
993464
989984
989796
988063
989668
990623
986857
992611
992708
995597
992597
989588
995357
991931
988369
985088
988178
984994
987230
986513
996864
997836
992206
993939
988959
989125
993083
991313
990674
991509
1000677
987037
987883
986976
987840
984809
991050
989050
985366
983247
993252
988285
990000
989056
989706
990983
981853
990488
991457
995090
981085
989499
993788
992641
996993
988140
996593
989952
990086
992312
991357
990691
986850
989824
982741
981472
990582
984465
990256
990643
991609
982669
984038
988125
991758
999736
989292
989073
985102
985359
996623
989561
989882
982642
989311
985071
995504
993818
991486
991340
984984
994738
994587
995894
990384
990723
989798
993884
991321
990188
988743
992944
985714
991797
990701
990927
992947
1001218
989058
1000930
993269
990026
998415
984748
983668
992151
992913
992865
990540
990582
984743
985189
983197
995340
998558
988517
982140
992509
990444
984717
988470
987816
986807
987936
982350
993962
993872
990295
986448
990769
982637
987677
987151
989298
992456
992305
988276
987035
984019
987580
988170
985346
986359
985458
995984
991248
987780
994778
987144
992970
993393
989469
987334
992120
990460
988924
994127
984358
986034
988174
991966
991994
991105
993967
988797
991450
991446
990385
995836
990733
990668
990197
995209
992595
993564
989765
987511
993541
993226
988533
987353
992792
988138
990736
987474
991397
993636
984292
994019
990834
989457
990979
980625
986315
988774
984154
993804
984575
996218
987701
986974
995559
986965
991505
999780
993027
986871
981467
983652
986149
990213
987344
988814
997307
986193
991922
993210
992064
986491
983526
988115
992073
998341
994482
992560
991595
985777
985400
992002
993964
990970
994443
991992
990361
987807
991324
985859
991179
991662
991699
987032
989753
994579
986187
988764
983042
990113
984966
992112
997081
989782
989276
998850
987713
995131
988860
985345
985260
995674
988828
988216
986321
991152
990146
993356
990995
986272
985963
984573
992513
991504
992419
989804
985875
995316
982283
988865
990153
990850
992432
986588
991076
994323
988299
990491
988512
991811
992982
994961
991917
988779
992926
993132
990151
993601
981287
991714
987659
989564
997444
998327
992776
989525
990635
992444
998856
989280
986299
990046
990269
995432
991941
990281
992006
990225
984167
991975
993694
989784
994111
988093
986313
989966
986129
986020
994798
988281
993460
994043
986064
991819
984507
995061
993782
991709
992282
988198
985462
987375
988972
995062
986959
984415
989614
985832
990151
988132
990977
989769
993465
988626
987081
986936
989620
984481
989050
991981
996675
989544
989298
999086
987829
984778
996372
989068
990848
992174
991058
986451
991613
985736
997139
984858
988005
996393
990023
988409
987187
991028
984750
990031
984333
988091
993230
986708
989133
987205
989756
994675
992855
990384
993893
983895
985904
996739
991040
993766
988039
997670
989490
991738
993824
989122
995633
987873
988827
987990
989081
985323
991759
990837
992824
984553
993855
986716
990052
996548
989899
988866
992269
997927
991058
993677
990821
987617
997910
991566
992129
990559
987279
987086
996406
989663
988337
995672
987996
991998
987843
987866
988631
990421
988110
990292
986581
991759
987420
990152
986154
986827
987352
986610
983490
992223
985650
984142
990544
990874
994615
991152
986741
983676
989331
990289
993158
987251
994770
993454
988631
988230
988227
995908
986710
986775
992568
983396
985299
984973
990020
990926
991961
989911
990905
994580
984273
988993
990018
989657
981934
990001
990832
985521
997130
987135
984550
994282
990072
986684
986480
992382
983214
982265
991221
992114
991765
987967
992918
985566
994392
985669
987639
993578
992608
990919
997045
991440
989394
982820
988991
986236
988215
993825
990064
990681
994949
993951
986200
995335
989083
994367
991375
990732
989580
988695
985971
983201
980779
990317
994068
994302
988021
990006
995065
982260
986862
989974
987602
990899
987763
988342
997289
991647
989599
986194
984692
985979
986127
990325
988451
986360
989173
987956
997896
986998
988380
993122
991752
987746
991674
996171
989985
991531
987451
983739
988173
991155
984172
986275
987114
990477
993948
995148
990379
988838
1000425
995587
989368
991563
988215
993620
992146
993258
990020
984773
991261
989631
985485
990410
983750
995448
993242
994576
985718
986474
992893
990562
993821
986466
994214
994357
987078
994960
990503
990940
990365
998996
986633
990296
984689
982177
990027
990532
991470
984167
991526
993882
989204
987287
988485
990220
992738
984150
986213
986688
988696
990598
993064
982742
984113
981939
986564
987366
991359
986109
989146
997250
988561
988509
989199
990689
990038
992249
989908
996769
993621
988861
993222
985642
992107
991534
988560
989238
990999
993812
984913
992608
987739
989569
983973
979649
994700
990359
988714
988334
994663
1001297
1000866
989396
986764
983125
994064
987021
993286
990049
988253
987126
997006
993702
983223
997112
983767
988932
993288
989978
990826
991652
994487
991772
988752
993441
990063
995165
991815
991774
992493
985918
996649
998974
991108
993095
987567
987567
977448
988551
991849
994656
985602
987641
982861
1000420
991119
984284
994024
996071
985597
994961
984823
985803
981163
986101
992629
992381
984350
987075
983138
992604
993806
989912
988179
989027
991353
988094
986904
983041
995866
981935
998770
991348
991557
979624
993422
989077
989708
989053
993645
990838
986601
984089
989868
985176
990168
989325
988304
988746
994136
996618
990804
988409
986682
994235
987591
988611
991119
991211
986317
991137
991351
990699
986322
990036
986393
994923
991716
987441
989222
994118
990626
989540
990978
985416
986475
994044
990796
986448
986224
981602
986185
994749
989321
991727
994464
990243
980822
990793
985815
993213
991575
988051
986793
987409
992232
992203
985554
986455
993096
980849
989606
984199
996361
995922
988592
990989
989781
990603
988598
999205
984942
992828
986286
992912
987637
986144
987571
989801
994784
986032
988290
994127
987631
990292
986200
992369
981157
985038
993268
987613
985927
993456
981029
985625
986046
985302
985858
986806
983853
993541
986894
988909
989443
988524
996893
996261
993465
986379
992525
982151
996338
993841
993878
987627
993036
987218
987924
991378
990916
985060
988556
995145
986987
985752
991160
991512
989666
987985
982925
992556
990481
998564
992572
996930
994796
987456
992233
988643
982666
987995
991397
988944
992962
989878
991447
994797
993701
981581
990762
985633
992421
988631
991467
991020
987761
989936
991717
986828
988116
994852
990106
987936
991530
988809
997618
998446
990427
991475
993375
997645
988745
990642
989501
989068
997208
983524
989856
989520
993267
983874
986643
990285
993647
998509
994698
993012
994756
986284
992789
987334
990207
988162
990183
990414
990937
984932
994132
987277
985607
990398
990509
989350
994975
987032
985121
992266
989203
993402
988833
983392
984353
988834
989842
986926
991254
991468
992593
979044
987551
980952
986207
992170
988884
984677
990216
988321
990090
987109
993296
983911
991182
986245
998060
992049
989479
989355
990511
991015
985557
991692
989072
991809
987814
992145
990047
987555
985803
993446
988485
985632
984499
993419
992680
991915
985640
990051
990570
986218
992247
987903
989267
990949
989732
988446
993712
992097
987201
985134
991983
989338
990997
996292
986582
995072
992037
1002053
984343
985477
991340
990737
985186
982056
985456
1002351
988761
986585
995234
980567
987383
990044
985393
993661
990879
983669
983468
992307
988760
991187
990478
988520
992262
992809
995055
986673
985751
984726
995983
984454
986979
995683
989994
996096
984737
987956
989132
993544
991499
988479
985412
989297
989738
986726
987162
991009
996014
992562
984300
983863
986500
986570
988057
992750
997031
993416
986209
991736
992621
991521
985650
987939
990538
983901
985587
987429
997024
989019
990613
987969
985463
988187
990396
986852
985828
991462
993912
985655
990885
990946
988110
994927
999455
993257
989543
992819
986588
992857
985136
988269
993170
986556
995814
996776
981451
995959
991259
990293
989775
985227
990765
986457
984269
993524
988360
993161
983002
990495
987521
985980
989441
994880
985929
991995
993048
989493
981104
985000
985378
994965
991202
992569
989403
983486
993816
994865
990789
982216
1000445
980955
987912
992858
982666
989454
986204
986236
989315
986067
986753
994549
993160
989914
992793
989292
988051
995591
993453
991925
987145
997951
992938
983548
983969
988150
994874
988351
992301
986265
996652
991735
985170
994162
995684
991256
995804
992951
997468
990654
987806
994941
993997
982141
991357
991059
986984
981637
987103
989541
987194
983349
985569
989351
984955
992439
992297
986331
985797
991993
994200
997087
995148
994840
989019
981285
988635
985177
992889
978796
988513
991944
993845
983144
986711
992245
988546
996124
990187
994002
994281
993241
989538
986436
987875
990544
978784
991841
987985
984644
984882
1000496
994765
995198
993362
991179
989549
989932
989046
990901
991435
988751
990574
985375
994700
988501
986410
992875
982975
990403
994024
989933
992713
996553
993362
987974
986327
982332
989930
996208
990600
991954
992256
987827
987224
987441
991038
984816
991174
990375
993758
994214
991902
992412
990793
990661
997987
991056
993231
993353
989065
985586
986536
989093
989171
989524
992951
993745
991318
993565
990973
992751
993940
991191
986118
990624
991785
999157
994550
991253
987695
995635
990798
995738
995433
990239
986249
986580
992580
994749
993085
996163
994573
993765
991861
986460
993669
991152
993471
992044
989367
995621
994161
995725
982176
998110
989959
988844
993162
995740
987086
992042
1002603
997679
988170
982142
991574
988749
992572
987823
997871
986425
993270
981813
990896
990390
990994
994649
982226
993879
991763
987382
986284
992867
990611
997632
985922
992264
998218
993168
987202
983713
994348
996514
988368
990648
987933
985205
995060
991782
988863
986946
986488
991648
987044
982732
997921
981840
982927
984690
992131
985406
990692
984650
988963
987034
982526
989295
992549
994917
990507
993950
990732
994877
992009
984734
989410
996654
989072
995428
989903
991687
992035
987409
991639
982051
984321
994757
990612
991262
986071
991345
986146
988804
988120
986495
989549
985654
993359
988945
989795
995537
989065
991285
990705
988466
981781
988056
991821
993451
981939
990612
992790
986566
980880
994264
984669
984211
980985
981245
991010
993812
987854
993950
988665
987915
996009
986937
981907
989198
991521
990479
992001
983836
989840
983875
986657
989514
989008
995766
996403
991713
996212
988146
992814
990451
988446
988784
990749
990244
988637
992506
994127
997467
990443
985111
996109
992384
990340
996410
990165
987328
989018
991176
987282
991010
987713
983602
983163
983360
992303
986923
995155
988933
986562
988327
982593
990655
987566
987040
991609
988475
979113
986226
996937
990497
989254
984740
988278
988570
994477
990826
987513
994279
990606
990026
985684
988429
991539
991940
987435
991444
984927
994235
983908
987748
993588
988966
983193
987348
987965
985210
984638
991287
986276
989803
993250
985579
995346
989343
984710
989146
995095
991877
995107
991444
996171
993034
994018
984999
988957
987389
990743
988632
989438
987092
991879
986062
998007
987673
993338
990117
987122
984204
990203
984086
984494
988586
1001326
991570
991600
998577
995197
988723
978909
994120
996147
989076
990651
990941
987794
987292
983212
992383
989806
986689
992737
992989
989223
988114
987015
986459
995829
993373
984338
989688
980511
986684
984083
984692
992890
990632
988686
987140
992919
985626
988239
987418
987347
988671
994483
993324
990862
994595
986881
986739
981491
986375
988662
984178
990581
981685
994037
995772
995452
993170
995779
991459
988644
988026
981990
993927
988253
983635
988758
1001885
990117
989089
986730
984971
989975
993414
987685
990937
982381
993809
993176
996136
985151
993759
983965
991898
980023
986879
991342
992406
985075
991193
992697
997611
983753
992021
985741
994753
995952
992986
989478
995149
989917
993326
990795
990202
986596
988954
992496
989519
991789
991428
998961
994547
986009
995012
987401
983922
991812
984416
980784
987490
994134
985785
986766
995075
988542
992140
993371
994245
998993
989898
983791
987501
983515
991588
987949
987976
988134
982019
984144
989024
991756
988842
993904
990164
988672
979785
985019
981047
986971
987114
991496
989218
999123
989805
987910
991061
986597
985513
992391
988309
993538
990096
987673
985689
992814
988318
989969
989033
987941
992458
987136
989422
996084
988877
995989
990744
993015
989999
995111
989007
990116
995339
992081
984477
984913
996166
990038
990524
991143
991561
994216
985789
983505
990649
986745
989747
986024
987572
987080
987268
992148
994996
987547
987483
986104
992163
992010
990295
989123
987526
986540
979786
991337
992660
994549
990828
987220
989659
987059
986329
984982
984160
991789
991368
988809
989282
1000027
991416
984606
987224
986689
989764
986634
982802
992877
990943
998930
987504
986569
993421
986493
992437
992547
986094
991236
987723
994454
992425
985552
990068
994228
989975
992500
987072
988941
993639
980832
993035
988406
991575
996597
992569
990429
989833
990496
991001
986245
989699
985738
990123
991516
1002552
988735
986698
989497
993166
981872
993361
983832
997866
996344
985673
993553
988437
991692
991703
988737
994233
979740
986189
992474
986759
987353
986720
988509
993268
990455
993370
992203
988286
996993
996290
981739
994196
987694
984584
986191
987953
999116
994676
995926
991366
991172
991186
992109
987280
989975
994095
991500
990391
996419
991627
989522
990327
984571
988094
990954
991590
985248
980383
988325
986549
986627
992683
991075
994073
988641
990818
987764
989900
983895
996947
984568
991470
996338
990509
993420
997624
986344
989244
992390
987288
990423
985870
989778
986065
992638
981251
990330
983483
982339
989784
992243
993738
984055
989163
991644
982971
989404
991440
992641
996835
997689
977073
989712
994906
989313
991594
985136
990145
999121
994146
991036
989186
987667
993945
990739
996162
996938
996468
995541
985202
988507
994782
988432
990509
988052
987884
989846
992829
996136
986272
986160
994655
989880
986833
989035
986916
986764
993564
998375
994168
992133
995516
994192
990381
993248
985879
990889
987591
985949
991402
983889
983926
984419
995456
984223
984041
995766
986290
996051
995320
988036
983235
985489
985507
984265
993762
984132
986336
990192
992258
982833
989356
986938
990227
983202
990756
987012
991201
990204
988869
989383
995068
989794
984804
990401
981584
990371
988401
984504
991496
991004
984382
986411
991166
989781
995191
984430
987914
986172
992607
995117
990520
996739
988726
988339
989498
993808
983925
995370
991065
990262
989203
989441
988811
992302
994011
983497
982920
986162
996550
988907
982308
994493
982789
994842
996862
987497
988181
986879
993414
985014
989330
987958
986959
989067
991845
993041
992232
988234
986822
990871
991438
990983
989014
991700
989798
988718
981064
988838
988933
989275
990446
987189
997354
994837
986748
982596
996117
993354
981156
988650
994732
989242
986728
992846
992612
990669
989061
995245
995222
992842
987408
983893
991615
985062
993706
994877
999453
993036
992971
994636
987064
998717
982572
991133
990844
986365
992123
994377
990312
984617
986163
985423
992409
988257
990126
990419
991291
984874
986629
990368
993099
991157
985341
987350
988759
998141
996438
992369
990049
991196
994112
993265
989411
987661
992998
992022
991996
981698
990141
987803
985484
984613
985835
990736
986210
990399
983841
991436
991046
987210
992780
988321
996949
988463
987511
997406
991536
982675
989072
987569
987841
986089
991634
993309
994088
989338
990945
992252
982091
984804
994368
990063
991618
998861
991084
993088
976921
992701
988496
991148
994476
982051
987757
993937
975959
992472
987751
985166
993904
987682
989150
989721
982515
989954
993170
996170
992970
984254
995178
985118
985474
985724
990406
985849
987879
985232
984484
982321
990109
988091
989515
991963
988541
992214
985842
996970
990520
990762
987116
991839
984119
979526
992237
988833
993388
989110
992686
983076
988885
988071
991413
985258
996961
985361
992686
990078
999137
986646
989403
994942
984743
981257
987026
991608
984512
979468
994897
986240
986828
1000746
993267
990189
989077
997262
983740
989175
987699
993489
998862
986920
991749
986754
987271
998788
988044
988579
985695
988650
996277
991379
1000071
1000070
995578
987038
991523
987537
998271
995663
988294
988578
988382
987840
988774
992329
994653
989726
994232
986772
984683
991510
987252
986878
982500
989828
983557
989239
991328
1000515
986926
994330
991646
988613
988345
990410
996608
984878
996116
988987
992322
990665
986244
992639
994206
987069
991494
991961
982891
990915
988225
990686
986265
988817
992662
989291
981047
983619
992565
987239
991332
988590
986725
990951
984516
993811
990163
987498
982316
987661
991370
996240
982355
992691
991316
982913
993479
987607
998113
989605
996254
994357
991347
991827
981315
984868
989900
988137
988518
997152
984197
989902
991722
983378
988041
992921
992523
986684
993328
988684
990593
991108
980458
987371
987186
989966
993979
989361
992275
992729
987400
992617
1003396
995652
985560
976593
992174
989780
991401
991152
982211
991937
990344
987403
989623
984727
991850
995336
983026
985560
989672
987671
996737
989842
985409
991198
984326
986830
997415
989395
984044
987330
984853
986776
988010
986217
991550
984074
993096
989146
991980
993874
986414
993246
993296
988327
990852
991164
983682
983810
989174
987605
988844
987303
991328
986997
987538
993210
996704
989805
995490
990740
985976
992822
995277
996432
992504
999263
983326
992060
984191
988259
991640
992289
990190
994930
996905
999107
988080
996832
993701
992198
983881
986780
989961
989050
985943
990468
990007
993605
989851
989763
988767
982365
988402
987478
991698
991791
993233
986100
991203
985060
984759
990545
985780
989346
990645
995373
985301
988784
992440
980400
990000
989231
991246
989538
989451
988498
992153
992976
990810
994829
989542
991703
991813
994251
988780
992251
989026
996459
989189
994377
993209
992465
983946
984547
988418
988596
992368
990883
995581
993346
995134
987209
982977
987498
991257
987108
991799
987504
991569
996764
987561
987400
993835
991646
989762
990214
993606
994791
989914
988386
988705
990153
992179
986225
976716
984063
983033
991064
990605
993566
992644
985831
991740
984489
986811
992031
979652
997061
990927
993542
992902
987569
992543
989272
998442
990551
993946
994345
998087
992116
988540
989782
981068
990349
997330
1000526
990492
988978
986853
988538
988381
995593
989955
991278
990199
993721
992764
989555
988503
985758
990989
990768
991727
993584
983782
989720
984875
995207
990367
996410
989947
990254
988803
985265
993117
985797
993345
991316
989035
993118
985533
990149
990945
988192
985145
990223
990377
984957
988470
983789
987566
990881
995062
987719
992886
993878
991330
990776
986188
991987
989013
987397
989916
988762
988713
994674
988628
984519
991826
991196
999570
996397
985311
990682
987360
983624
988950
989173
989808
989003
993384
984512
990935
994028
994659
982819
983962
988195
998729
995776
989937
990120
991013
989095
987981
989218
987831
987248
992143
990130
986764
994251
991755
987965
989670
983732
986502
987260
985650
987188
985576
991214
991307
985568
985999
989173
992232
986538
990243
993423
987861
989606
986186
987136
985121
995789
985926
990182
991401
998125
991123
991472
987226
991041
986709
994464
991956
996463
990458
989882
993119
986794
994350
990208
990452
997486
986070
987940
987104
991077
988792
993696
994588
981602
988532
991623
988774
987400
993364
993611
993256
987028
988633
990056
993593
990795
982612
989791
988482
987899
995523
985700
986063
985091
987714
988572
986839
990017
989120
991507
992650
999489
992536
991786
999008
989803
987024
997262
990340
984802
990865
984724
988180
992909
980257
988030
989814
992844
988223
998372
997557
986333
987537
984574
991593
991894
992629
990438
988294
986792
993820
990965
994045
989126
985702
996359
991646
988298
990363
989257
989948
988690
997215
999051
990696
992107
995313
992090
985683
984321
996706
988305
987287
986964
994990
990315
991268
991369
983538
988535
997173
982057
995709
992323
992108
993765
997541
996609
986742
992325
989442
989427
981734
993365
999117
991056
988458
989189
983510
988311
995650
994130
982036
988699
989372
983840
990444
987571
991963
989246
993860
990955
986706
990008
986856
987075
991786
989758
984109
990759
991046
986590
992452
994271
989786
982988
990791
986028
991733
992868
991236
983417
991237
995229
992003
996120
989287
989493
996732
986904
987898
985266
987877
988754
991517
990917
996729
989693
986693
981940
984980
991070
991938
990459
991572
993397
996952
987633
988787
984733
990171
990960
988637
988216
988224
983970
989521
991428
993505
987605
988785
991244
987208
988268
988353
988594
985723
986245
987328
988938
988380
989174
991501
990474
989990
991745
987404
987777
985229
998637
1002838
995403
989592
991848
985678
992708
981645
990061
991815
988358
998458
990937
987333
986116
989019
999442
989191
1002631
986865
994631
985058
991986
986232
988012
985994
993100
990671
988152
986466
991806
982125
995127
995644
987741
992534
990065
984144
985860
994635
991687
996073
982249
998677
995352
1000979
994547
991117
987442
993501
993212
984249
987161
994820
991358
988661
986399
990299
989863
992803
993515
997303
984944
987247
985733
992767
986232
991943
994680
992704
977939
984134
991761
989856
986424
980967
985335
996038
985247
988484
990772
996761
989957
993019
990764
991181
992816
985386
986085
988770
988367
982310
988011
985002
989976
992725
988274
987610
985717
997017
987530
988242
992712
995128
990457
987888
985993
988701
992479
999382
996586
985869
985682
985863
989468
986679
988958
991586
994009
987686
990820
988564
993292
985491
990955
987344
995998
990134
990582
987862
986065
993684
979445
990543
989277
988346
986353
991856
993036
988734
992089
990893
984025
990108
990797
988104
992773
994042
992433
987110
990223
986460
989329
992565
991793
986945
991226
990190
988098
980516
1000060
991895
994827
988269
999206
993503
994650
991448
995607
992422
990860
989656
994291
989691
986035
996344
992016
991708
987597
998318
985506
988957
991107
989881
989438
989189
983570
992855
985875
987879
995183
991001
989013
987331
989643
994617
987760
987944
983004
993062
989514
991554
996311
994049
991935
990707
982483
988607
995288
989455
990946
985583
989783
992702
990299
994686
987166
989001
994667
983698
985476
994320
988803
1003500
987400
994794
988585
992325
994444
988718
993535
990290
992878
991524
990746
986913
992485
991139
987880
991467
991919
994579
992797
992037
990221
985358
996247
992556
992484
992285
990682
991713
987909
991085
988237
993033
988857
985205
980089
985801
981583
994320
988307
988286
987904
986934
990061
994355
981216
984847
990094
990115
995967
980867
988460
984569
984393
988517
985791
989265
985333
990177
998840
989266
987264
986827
992363
992514
981690
979503
991842
996525
985494
987315
986869
979615
989304
991963
990918
987713
990318
985462
988774
986435
985569
983134
991945
989784
993142
987223
991168
991375
990641
990072
991941
986656
993209
993640
991838
984980
991476
992092
987774
988648
989537
993181
985220
984815
991184
989123
989749
994334
990075
991925
990912
991944
985237
992524
988008
1000321
986884
979995
985437
986446
990632
991487
991330
994309
987071
992880
991478
987844
983284
991952
1003039
988802
995944
984733
994786
992551
993594
986811
986396
989350
990090
994624
996549
984195
993527
990672
992030
990810
986188
990663
995232
991849
989155
986010
993984
990359
988625
990669
993060
987509
989384
989016
995267
990357
988827
993440
1004465
983720
991410
993889
987187
996242
983820
992501
986177
994825
993055
988310
983330
992474
988877
988075
984009
994322
1000187
990843
988644
989106
988228
991769
991674
994536
988945
989217
982965
988461
988240
993025
985561
982544
991123
994314
989526
980291
984554
988884
994359
989873
993380
989772
986398
993917
988474
992971
996847
991186
987527
991889
987254
988263
985871
995222
993960
986670
990100
986443
994368
987312
991590
987988
990470
991835
987369
988821
988864
995634
992199
985044
983919
977879
991089
980878
985415
987483
991813
991699
986744
988431
998281
989323
985361
989744
987639
991332
990712
991601
991505
987510
991237
994629
993025
992474
986816
988957
997070
993334
994653
994553
990801
990477
990956
984706
991735
992070
991740
983049
990512
994920
995215
988596
981104
988084
991987
984380
989499
986373
986804
996567
993993
979457
992629
991891
998394
987793
987090
989886
990075
986303
992050
988919
987024
992418
996704
991397
994786
983507
992998
987761
988388
987108
986852
983164
989827
990329
995425
990079
990026
992842
990530
987964
990306
995227
986960
985157
982194
993265
980749
999686
986265
986256
985853
987904
988503
988616
991106
995028
987845
987306
984836
994673
986100
992622
988294
993187
995833
991532
986991
992200
989742
991163
990817
994188
988387
990776
986950
994408
993340
989971
985040
988699
993011
989094
993050
989295
988581
993806
988922
990750
997185
989993
986779
985731
994519
988663
989347
992450
988008
992060
994581
984844
988451
988038
984059
981572
994296
989731
989689
992229
986195
989692
992102
997287
989807
989932
989641
985315
990861
987770
985684
982867
995999
984634
993034
991754
991634
995100
982822
991608
996914
988106
985429
989575
984416
993071
987420
989519
987887
991843
995729
985724
989667
986482
994531
990253
988185
985309
989881
986683
992640
989563
998355
1001977
983652
986700
983441
991799
982136
995158
989421
986650
996765
987781
993497
987339
984956
995660
992555
992295
985700
992085
988233
984551
989928
994732
988041
996867
989355
990660
992777
991919
985316
983121
990368
989934
986285
986325
990179
990455
988242
988794
991814
991760
994898
996670
993523
987022
982459
988743
995334
995076
989603
986145
990550
991363
983129
990289
987751
989610
997101
986102
987517
990304
985486
995336
994304
987918
985243
989723
988968
992786
988001
984062
991269
985619
988786
991770
994999
992561
983946
984187
990359
986857
991291
992713
994083
996256
987689
1001761
981734
990408
986423
985593
986942
985401
991684
994083
995496
986506
986500
983048
996621
991240
988296
989173
993892
995263
990495
987675
992542
988128
986783
998016
992852
986193
993017
994146
990649
987114
999043
984381
994638
986782
987854
993689
983146
984441
985882
984151
994992
990413
992891
989942
984006
987264
989026
996832
985625
992000
1000302
994934
994323
990139
990734
996228
990402
997089
988289
994055
988162
988992
986582
994170
992011
991280
990100
986426
991818
991907
987726
989005
987932
978778
988738
988922
996197
977719
988887
991945
985003
988786
991606
990482
984130
989556
985943
986612
985755
991654
993481
991695
990284
990362
991146
984898
988899
983874
982671
988780
993885
994952
993632
983995
990470
992279
986859
988470
991966
990389
989802
987995
991545
984907
991624
992637
990527
986076
979793
995110
991561
998080
988345
986347
992348
987023
986131
989979
992875
992629
988256
998284
989446
989603
988124
982970
992383
990115
991090
991723
990799
980455
987304
984236
990842
994374
997239
988886
986081
986918
995376
980367
996153
991966
998958
988300
989965
987053
995702
991863
991388
990340
992384
993001
984407
991031
993828
989973
992158
992691
990289
996366
993320
986819
987433
992777
990543
990522
992374
984152
990968
982694
995774
989193
991173
990248
992219
995624
988319
987440
994400
989448
987056
987257
989934
989799
987561
992061
991178
986963
990359
992158
988704
989089
995101
992287
988812
995361
996943
994419
982014
988995
989016
989136
991988
989801
987201
998089
991278
990740
984510
994048
991157
990448
992613
986760
991255
985348
984526
980226
987467
986336
992777
992162
987202
984518
986752
981451
996472
981697
988126
986394
984283
991002
981862
992521
987853
992403
992196
989437
985916
988080
987713
985740
997542
989220
983867
989217
993489
1002357
993352
986533
985109
993762
993496
995304
990200
991152
989436
987048
992486
985856
985572
988107
984409
992375
987469
988926
986939
992810
989828
984984
994729
991309
995123
986643
982917
992360
987100
992469
986147
985288
990363
991527
985452
991980
988243
989611
994107
988579
992121
990224
993030
984092
985191
980944
988273
993633
991607
997724
987900
990288
991779
987347
990840
992611
989340
991760
994299
992430
988767
997644
987675
994693
983647
993172
987821
1000465
987841
981911
987409
991370
990182
987942
994828
986887
990482
988041
991816
987428
988432
983322
989258
989749
986792
985718
989706
984331
987346
987429
986145
988849
990210
991665
985682
991317
986115
992844
989146
987457
989499
990243
992280
985816
987600
991059
984455
990354
985354
989550
995853
994129
994419
984912
990478
991142
991147
993556
991325
992570
993310
992009
986283
989755
995962
987003
991289
982371
993231
991169
987389
994036
990188
988358
993827
994948
990814
989052
993528
989264
984497
986263
989753
986326
990847
995148
989955
987190
995572
995187
984677
988527
990014
985897
1000043
978724
994140
977913
989197
987503
992406
992096
986717
985160
983282
998527
988965
985769
988920
1001857
990325
991108
989418
994102
989500
995667
990106
989085
981075
992354
988759
992387
985657
987735
992304
990452
991272
995486
995661
991127
992143
999963
986853
987803
992612
989954
983911
991919
987833
984859
975612
979890
996453
988917
990855
994842
989970
992166
993507
988158
983587
984868
988033
989225
986241
988503
990855
994863
989737
987242
991733
982504
987579
990433
991359
993472
991221
987853
997461
988658
992720
990664
986219
989142
992990
991389
989778
992048
992490
993705
983152
989669
986179
985394
989498
994093
985836
988661
996571
993114
990635
984921
981940
985092
985498
987781
994400
989291
993905
990529
992040
992529
992126
993254
994643
991236
990920
990716
986207
998605
997460
996752
989194
992124
990484
993513
989313
982773
992301
989451
997499
987827
996614
985024
984561
991938
991615
979075
981947
993123
990165
998275
990261
989219
989951
986696
991487
993179
994387
981063
985058
989154
982253
993984
990622
989472
991858
983473
991907
990192
989219
988085
989120
993413
999363
984849
991618
982544
994954
994109
993104
988532
991234
989924
984618
990438
982260
987935
988512
985694
992325
989273
987480
988496
987135
989208
986750
987451
993157
992074
990257
986971
996918
986256
987868
991007
988828
1000336
988478
989064
990318
991624
994967
993679
993898
991563
987043
988310
993538
984128
984108
989075
989988
992820
991630
991398
986243
988497
993408
991782
985233
990843
992246
986476
997838
989724
991469
989261
992536
991451
993211
994008
987869
993350
984942
990691
985419
992542
992787
988136
989718
985042
995722
984520
993135
989199
988314
991508
995125
985735
987281
989502
988077
992810
986246
986647
986905
991625
989305
992941
988933
995284
984479
994319
988416
989528
993689
988772
989080
994034
996610
990203
984050
988771
988815
992657
987767
992760
986562
988381
990177
994621
987495
985314
1000281
990783
989440
992557
978623
995231
995013
989023
987144
998410
993380
990652
985343
997376
991067
993840
990337
987257
984110
990164
995695
980776
986313
990614
993766
988646
988593
986804
988411
987877
987404
999126
988327
992149
991640
979526
993711
987304
987374
993778
991592
993944
999023
987567
983908
989619
997028
990730
989981
987910
987041
991575
988784
989945
988756
993238
987152
988781
991890
991341
994253
993157
987984
983503
1002949
995771
990280
987442
990441
996007
993309
1001134
995437
996659
991533
986024
990982
989587
992894
991016
988742
988877
995019
988937
992404
988033
1002156
995893
987092
989880
983096
991181
987843
995763
992933
989270
989319
992103
989315
983187
995759
992824
983704
986829
992822
991623
986877
990814
988196
982314
991932
989132
988297
988355
991691
988719
989300
987546
991836
989759
987214
987186
982631
993502
985336
986297
990030
991910
988437
990588
996753
984915
989194
991638
996893
992320
990741
987888
991308
991641
995781
995926
981496
988276
998049
992437
988741
987611
989974
995168
989788
989507
993107
986254
990740
990585
985935
986831
989161
992304
997532
988033
994530
983675
988698
984301
993238
994335
1000631
989535
987000
991759
993617
984062
987691
994632
993373
994939
990933
987151
990859
989527
982717
987748
991625
991290
987334
995336
988670
988429
986162
987259
996977
989787
980366
989552
989471
995593
988092
990491
985159
992276
988513
985986
995685
985749
990128
988110
988875
997930
992579
992290
993909
997677
981162
992267
993947
995033
990615
992203
993144
988981
984265
995285
992697
995146
984880
984079
989816
994649
987358
994411
985808
995834
994162
990196
986143
992362
989163
991858
993002
987126
986752
991587
987664
986875
987136
992709
990714
994367
987963
988290
989828
988002
995849
985561
987694
989472
993359
988620
992758
987844
991975
986554
991928
990593
992542
984536
984901
990220
991359
989920
993958
988883
983482
990968
988936
990682
989603
994873
992845
994132
992140
992004
989597
985751
991008
993751
989567
999265
992611
991477
985568
988505
987673
993384
987599
998762
983689
985686
993018
993417
991506
985714
990008
990288
985263
991601
981133
995164
988482
987640
985776
986605
993264
994436
985397
981805
983566
985539
997234
990865
986094
987597
989066
994704
995474
993993
989737
985172
989496
987815
985150
985862
990113
987984
989606
995561
992613
993148
986080
986434
986402
988414
984760
995972
983260
990678
987358
990696
996878
992418
993026
989211
991384
989210
987891
989762
989297
993312
991421
984351
992535
990252
996398
995411
992019
987983
993301
982764
990040
984708
987351
997279
986412
980828
987749
993672
989531
991938
990140
988670
993312
985374
989188
998059
990294
981785
987534
994470
991079
985813
984392
988693
995683
984641
993652
989263
994711
993129
991018
994131
993226
992152
990069
991585
989124
1000453
990887
995228
992442
988376
983113
990960
990889
991219
987254
984462
982473
994961
989616
995282
989411
990924
991700
995391
987846
992294
989234
991539
991540
982021
984427
984024
994135
987329
983189
991034
985523
995787
989512
986938
989193
996975
990953
993945
992153
995540
982233
988816
991916
988295
989099
991566
989503
993984
984789
986166
983323
982443
985079
982093
989065
991264
987395
985068
985490
983666
993873
982262
994143
983262
985331
991088
996674
987753
991689
998632
991128
986863
983402
984494
991025
991187
989215
985941
986067
987613
996586
994091
988295
991579
995151
988625
984610
992053
988215
987114
988589
986487
991005
993132
996120
987154
988156
988783
993839
982543
990508
995721
985616
984704
994159
986020
990967
987541
984748
989709
995997
978730
993279
993766
994779
987236
989875
988307
995444
988855
987445
995715
988796
997542
983997
994396
991121
992051
992081
987071
990234
987822
992574
987859
990052
997171
991186
989888
990796
994809
997216
987796
995955
996375
990844
991547
987630
993195
991753
992320
990161
995326
983286
981082
993825
991111
995960
992749
987787
996722
988178
985491
990214
984145
990643
988807
987379
988188
986149
987888
993328
988721
986090
987259
990283
993169
992667
988067
987059
991898
990398
993430
994650
981940
995037
990136
992520
985868
990790
996066
990615
988111
988801
995297
986821
988273
995943
989907
994367
987676
985036
993798
994160
985121
987733
989717
984174
986006
984865
991274
988698
984746
989823
992623
987435
987405
989609
989570
992694
988174
991937
997589
984419
989850
985748
991766
990859
994227
991263
988533
994826
988867
982814
984021
993719
989751
996861
987130
982974
991076
990214
993884
992367
992284
991311
989443
982003
982066
988166
993366
991993
992516
986390
992912
985553
990819
993015
993745
998661
988684
994474
994508
989256
985466
988688
982928
983327
990673
988624
993785
991149
996758
989145
994239
990633
991336
995426
990114
997953
987517
994946
989601
991981
986640
988303
989572
986501
985657
990766
991957
993799
988912
984798
989606
994834
986724
987716
984579
988837
993943
986831
994306
993054
990626
992863
987444
994029
993982
993488
985558
990542
995550
997982
989541
986712
995976
984473
991157
990400
983283
985414
993940
992550
984180
996182
993138
987591
985956
988835
995986
993649
997993
989218
1002693
987781
991099
990607
990052
985546
991300
994968
991006
991780
990450
990443
994837
987414
991153
987562
993686
989478
994908
985693
994650
992700
996511
988051
992409
993339
990695
986915
992885
983036
981414
999138
990137
993913
985344
986567
986039
992213
997454
995323
990628
983493
993590
986352
993676
990467
989909
992445
989306
985449
990800
986696
990616
988607
989486
994913
1000690
988206
993741
984135
987059
983561
980925
992313
985462
996225
987177
986153
992447
996251
982730
990268
990301
988848
982855
995074
986675
985868
993652
992210
986591
994439
988943
994261
991891
987106
987633
987567
987368
993924
990162
990364
989552
991533
982758
997055
991302
986288
987351
982883
989861
995199
986791
988962
982413
986591
991670
993815
985929
999134
988459
984363
987451
995793
986158
986270
987807
987125
993990
994279
990037
986122
993003
995391
991727
985131
993988
985750
992347
987905
989269
993922
993411
984010
987898
991460
986154
987615
987847
986080
991798
990891
986258
998141
983078
986361
981964
995613
985670
985769
996787
989903
993188
991157
997444
985439
987041
986067
989979
986707
989923
988428
994605
991310
991648
987324
990006
980362
991051
990537
990863
993933
984340
987664
983786
991882
991399
985678
996796
988632
993503
988420
992231
990986
990476
988914
989189
987787
994357
991987
989261
987506
996485
990513
987450
983021
992860
985676
987342
988169
996137
991304
987057
986299
991619
989652
987782
994756
991232
993013
986366
996335
986880
985115
989927
990156
990983
990526
984837
989806
996292
994044
986269
990398
989990
987674
994907
988295
991586
986601
987787
989901
982836
988837
988748
985984
987779
990954
988861
982336
983959
983160
991503
987685
993200
988495
990607
996820
993515
985345
989033
983480
991224
986684
988600
1002185
993413
987334
991407
984040
986915
998813
980655
994072
993566
989574
986879
990291
998982
990848
985772
992899
987147
993856
993895
989360
992202
993490
990111
988488
991564
992107
992396
979589
987406
986818
994962
986364
984533
981632
993388
984608
990866
988540
992802
990385
993870
989541
991034
989749
985617
983678
993069
991314
991955
995420
983959
990924
991844
992179
989463
997731
981286
988750
991725
991378
993638
984718
985170
991785
989543
990710
991238
994672
991159
992613
990848
985681
988707
996174
992065
991787
991258
988873
985192
995615
993089
996571
992552
994269
989955
988412
989341
981755
990201
981456
990235
988666
992910
990883
993551
990893
991993
981729
995073
989404
994765
987143
990104
997816
992261
986535
989642
997197
981132
996739
986222
990821
989086
998471
991074
991074
985063
993103
986900
990232
996274
985434
984628
988499
997036
988377
986338
989338
989043
989916
990863
986888
992227
995465
993032
988982
988601
990022
991159
991395
995048
990799
992618
989324
989329
993428
992919
990463
983401
983895
993095
991113
1000090
992765
982147
990293
991580
996877
988914
988635
995702
994022
996512
988646
996556
991882
992297
986398
990348
979406
990955
992351
985885
988371
991153
992772
988377
984919
986027
984931
990877
987716
990020
994918
989960
992924
995304
980875
992670
995843
988303
985203
987484
987667
979848
986906
990859
999084
987685
992303
985779
994202
984114
990793
992149
998300
991619
990852
983560
991356
990509
993670
984501
990017
986441
994397
989628
987832
992081
986571
980394
987264
992184
985985
993568
988415
987468
994988
989041
986361
989567
989848
987297
994209
987230
993241
991607
993695
993123
987283
992678
980914
991873
989476
985313
984033
985252
992731
983808
987720
986418
989191
996160
989573
990457
991100
991903
977824
988023
994627
991505
991149
988470
984048
997835
993980
994037
990609
989995
996065
985984
1001676
993382
993940
987640
990355
989289
990968
993651
989403
988630
993082
986350
988273
997012
993683
990796
990841
988553
995839
992615
1000317
995351
985569
989549
988418
998353
983817
987760
987165
1002766
989412
987704
988519
993023
995959
985022
996012
994552
989317
990815
988094
996146
983657
992398
986800
989949
990083
986753
990969
985662
991389
992083
991643
991458
983822
991973
986508
987868
994135
996391
986612
988359
991607
988548
985703
996022
986892
992305
994515
991255
985225
999199
985449
995742
997409
989160
991409
985584
988126
984619
992172
994958
989481
989000
989684
988864
991877
985719
989320
984015
994380
980864
993978
997809
990801
986653
994376
995478
990461
994930
991067
993587
977458
991018
985647
992142
991135
995685
987735
988947
986275
982883
986701
988537
985033
994470
985238
990008
986412
989901
989542
989172
986729
984855
987757
995896
988822
995452
989741
996054
979980
992852
993427
990468
992298
988596
998171
987968
991073
991730
989226
993895
996839
988632
984337
992226
994288
989679
986305
994198
990300
992275
990162
992790
985376
991765
994287
988479
996592
992407
992810
987151
990689
983607
989339
989356
987377
998613
992701
989163
989474
995022
991442
983627
988861
996849
987000
986475
992656
1000167
992441
986405
983711
984054
989819
996113
991028
989064
991225
993284
987077
984558
991110
986178
992027
985027
989830
986824
991945
989639
991131
993953
1002528
989885
984642
989552
994372
996332
991614
988240
991117
988779
985392
992605
988584
991388
990035
995499
988192
992878
985770
989410
993365
991237
986442
991452
993135
993618
989090
987741
989033
987779
990368
991362
993743
986491
990882
989058
986958
990292
987768
994273
992681
994597
984313
980436
987042
988276
987972
987785
986737
985296
987182
992992
991174
993316
989767
986841
993707
978590
995425
987772
998404
987252
988626
991486
992406
992874
994886
986963
988957
996307
990551
992552
995447
996439
984600
986023
982679
989080
992526
990822
990764
985557
993829
994217
984720
986055
989404
992043
997159
991228
985793
986001
990294
989702
985308
987203
979492
985094
984611
983083
986665
984906
987744
993432
990247
990613
992065
988626
991478
982032
991673
988878
989955
984522
992309
993129
985550
989238
985140
989812
994659
989598
991854
991465
989340
990439
987040
992897
991453
994546
997031
988138
994655
991901
986806
983146
996878
988755
994131
988012
987452
985891
986598
990416
990276
991128
985530
993890
986438
993877
981189
985465
988868
991273
993973
987343
987622
990696
989462
989038
985039
994415
989740
991642
1000140
986243
987746
989367
990721
987234
991509
995922
991427
992768
987882
991028
990844
986268
992770
988338
988771
986350
990075
996787
984039
993970
991941
992958
987969
986130
996313
994778
988856
990143
987899
993172
985195
995387
991119
988686
985172
989931
987042
996368
993985
988483
982757
989508
993882
994685
992376
986399
981378
983660
993809
987238
989852
988175
991681
983739
996974
989661
987035
992432
986006
992269
995177
988880
991608
989056
989843
999050
994189
988817
986893
990185
992289
987481
991893
989803
991988
991815
989800
995800
988774
993297
987738
986085
988456
983084
987217
986622
990817
994901
989982
984884
989182
995263
987632
991849
984087
987240
996954
990446
992383
994413
985859
986915
978867
991411
991665
984855
989512
985254
993173
993597
988707
992219
990835
990513
996372
993202
989785
992289
986550
987431
984322
989233
992803
989956
988580
988135
982214
989297
989601
994712
989306
989830
983423
988619
983585
986086
993423
998515
989953
991826
993126
989611
981265
992596
992254
998495
995937
992160
987269
982712
987424
983791
995391
990371
986329
991524
988934
991646
993681
996683
985367
